919829988436
919827156205
919975560381
918904913285
919623208367
918600042506
918875011903
919145079979
917304818673
917447682760
918329963581
918767918519
918766532165
918275852351
919075546344
918624984430
919552986362
919699300802
917898786568
918390197706
918949330551
918975793434
917367965074
917385705582
917356105235
917218540255
917588212397
918961480016
918291421102
918799076407
918889640601
917499326730
918237843779
917020000702
917378955288
919823602059
916232757993
919607750628
919595766644
919552501996
918442056487
919145301141
919850685140
918770271064
917021532732